{
 "cells": [
  {
   "cell_type": "code",
   "execution_count": 1,
   "id": "7b832cfa-5fbe-4c21-a3ec-c1e6cc569026",
   "metadata": {},
   "outputs": [],
   "source": [
    "import numpy as np"
   ]
  },
  {
   "cell_type": "code",
   "execution_count": 20,
   "id": "527aef1e-20e6-48f6-b498-18fb79a740d3",
   "metadata": {},
   "outputs": [
    {
     "name": "stdout",
     "output_type": "stream",
     "text": [
      "[1. 3.]\n",
      "[[-0.70710678  0.70710678]\n",
      " [ 0.70710678  0.70710678]]\n",
      "[2.56090598e-16 1.00000000e+00 3.00000000e+00]\n",
      "[[-5.77350269e-01  7.07106781e-01  4.08248290e-01]\n",
      " [ 5.77350269e-01  9.13969213e-18  8.16496581e-01]\n",
      " [-5.77350269e-01 -7.07106781e-01  4.08248290e-01]]\n",
      "\n",
      "[[-4.08248290e-01  7.07106781e-01  5.77350269e-01]\n",
      " [-8.16496581e-01  7.45552182e-17 -5.77350269e-01]\n",
      " [-4.08248290e-01 -7.07106781e-01  5.77350269e-01]]\n",
      "[1.73205081 1.        ]\n",
      "[[-0.70710678 -0.70710678]\n",
      " [-0.70710678  0.70710678]]\n"
     ]
    }
   ],
   "source": [
    "A = np.array([[0,1],\n",
    "              [1,1],\n",
    "              [1,0]])\n",
    "G_1 = A.T @ A\n",
    "G_2 = A @ A.T\n",
    "\n",
    "lambdas_G_1,V_G_1 = np.linalg.eigh(G_1)\n",
    "lambdas_G_2,U_G_2 = np.linalg.eigh(G_2)\n",
    "print(lambdas_G_1)\n",
    "print(V_G_1)\n",
    "print(lambdas_G_2)\n",
    "print(U_G_2)\n",
    "\n",
    "print('')\n",
    "\n",
    "U,S,V_T = np.linalg.svd(A)\n",
    "print(U)\n",
    "print(S)\n",
    "print(V_T)"
   ]
  },
  {
   "cell_type": "code",
   "execution_count": 22,
   "id": "ec09b1ac-a114-4f35-b284-9b8f407238ef",
   "metadata": {},
   "outputs": [
    {
     "name": "stdout",
     "output_type": "stream",
     "text": [
      "[[2 1]\n",
      " [1 2]]\n",
      "[[1 1 0]\n",
      " [1 2 1]\n",
      " [0 1 1]]\n"
     ]
    }
   ],
   "source": [
    "print(G_1)\n",
    "print(G_2)"
   ]
  },
  {
   "cell_type": "code",
   "execution_count": 10,
   "id": "923a29e1-06d0-4c25-a964-a8f12bcee736",
   "metadata": {},
   "outputs": [
    {
     "name": "stdout",
     "output_type": "stream",
     "text": [
      "[[-4.08248290e-01  7.07106781e-01]\n",
      " [-8.16496581e-01  7.45552182e-17]\n",
      " [-4.08248290e-01 -7.07106781e-01]]\n",
      "[1.73205081 1.        ]\n",
      "[[-0.70710678 -0.70710678]\n",
      " [-0.70710678  0.70710678]]\n"
     ]
    }
   ],
   "source": [
    "U,S,V_T = np.linalg.svd(A,full_matrices = False)\n",
    "print(U)\n",
    "print(S)\n",
    "print(V_T)"
   ]
  },
  {
   "cell_type": "code",
   "execution_count": 14,
   "id": "ee77b75b-5a3b-4a66-85d9-de64b5d752b6",
   "metadata": {},
   "outputs": [],
   "source": [
    "#Q2"
   ]
  },
  {
   "cell_type": "code",
   "execution_count": 24,
   "id": "007eb6ad-527d-47ed-a83f-a5c5b9223e6c",
   "metadata": {},
   "outputs": [
    {
     "name": "stdout",
     "output_type": "stream",
     "text": [
      "[0. 4.]\n",
      "[[-0.70710678 -0.70710678]\n",
      " [-0.70710678  0.70710678]]\n",
      "[0. 0. 4.]\n",
      "[[ 1.          0.          0.        ]\n",
      " [ 0.         -0.70710678  0.70710678]\n",
      " [ 0.          0.70710678  0.70710678]]\n"
     ]
    }
   ],
   "source": [
    "A = np.array([[0,0],\n",
    "              [1,-1],\n",
    "              [1,-1]])\n",
    "G_1 = A.T @ A\n",
    "G_2 = A @ A.T\n",
    "\n",
    "lambdas_G_1,V_G_1 = np.linalg.eigh(G_1)\n",
    "lambdas_G_2,U_G_2 = np.linalg.eigh(G_2)\n",
    "print(lambdas_G_1)\n",
    "print(V_G_1)\n",
    "print(lambdas_G_2)\n",
    "print(U_G_2)"
   ]
  },
  {
   "cell_type": "code",
   "execution_count": 26,
   "id": "36f23927-f15c-4724-89a0-20b37257e7fc",
   "metadata": {},
   "outputs": [
    {
     "name": "stdout",
     "output_type": "stream",
     "text": [
      "[[ 2 -2]\n",
      " [-2  2]]\n",
      "[[0 0 0]\n",
      " [0 2 2]\n",
      " [0 2 2]]\n"
     ]
    }
   ],
   "source": [
    "print(G_1)\n",
    "print(G_2)"
   ]
  },
  {
   "cell_type": "code",
   "execution_count": 16,
   "id": "3cfaf887-cb4a-49ed-be9a-3641dbdd9eba",
   "metadata": {},
   "outputs": [
    {
     "name": "stdout",
     "output_type": "stream",
     "text": [
      "[[ 8.86511593e-17  1.00000000e+00 -1.00875766e-16]\n",
      " [-7.07106781e-01 -9.43234100e-17 -7.07106781e-01]\n",
      " [-7.07106781e-01 -9.43234100e-17  7.07106781e-01]]\n",
      "[2.00000000e+00 1.77302319e-16]\n",
      "[[-0.70710678  0.70710678]\n",
      " [ 0.70710678  0.70710678]]\n"
     ]
    }
   ],
   "source": [
    "U,S,V_T = np.linalg.svd(A)\n",
    "print(U)\n",
    "print(S)\n",
    "print(V_T)"
   ]
  },
  {
   "cell_type": "code",
   "execution_count": 18,
   "id": "b71849b7-9b00-49c1-9995-00babd8e69b2",
   "metadata": {},
   "outputs": [
    {
     "name": "stdout",
     "output_type": "stream",
     "text": [
      "[[ 8.86511593e-17  1.00000000e+00]\n",
      " [-7.07106781e-01 -9.43234100e-17]\n",
      " [-7.07106781e-01 -9.43234100e-17]]\n",
      "[2.00000000e+00 1.77302319e-16]\n",
      "[[-0.70710678  0.70710678]\n",
      " [ 0.70710678  0.70710678]]\n"
     ]
    }
   ],
   "source": [
    "U,S,V_T = np.linalg.svd(A,full_matrices = False)\n",
    "print(U)\n",
    "print(S)\n",
    "print(V_T)"
   ]
  },
  {
   "cell_type": "code",
   "execution_count": null,
   "id": "8f4a383a-2cfd-401a-9cf3-37b2e9d68d49",
   "metadata": {},
   "outputs": [],
   "source": []
  }
 ],
 "metadata": {
  "kernelspec": {
   "display_name": "Python [conda env:base] *",
   "language": "python",
   "name": "conda-base-py"
  },
  "language_info": {
   "codemirror_mode": {
    "name": "ipython",
    "version": 3
   },
   "file_extension": ".py",
   "mimetype": "text/x-python",
   "name": "python",
   "nbconvert_exporter": "python",
   "pygments_lexer": "ipython3",
   "version": "3.12.11"
  }
 },
 "nbformat": 4,
 "nbformat_minor": 5
}
