{
 "cells": [
  {
   "cell_type": "code",
   "execution_count": 1,
   "id": "cebc619f-320b-43e5-81e1-59ede1079970",
   "metadata": {},
   "outputs": [],
   "source": [
    "import numpy as np"
   ]
  },
  {
   "cell_type": "code",
   "execution_count": 21,
   "id": "71ecf9cc-0f04-4fa6-a311-c1367081ddcd",
   "metadata": {},
   "outputs": [],
   "source": [
    "A = np.array([[0,-1],\n",
    "              [-1,-1],\n",
    "              [-1,0]])"
   ]
  },
  {
   "cell_type": "code",
   "execution_count": 23,
   "id": "193a72f3-f3ab-47cb-b0fd-376bc7337467",
   "metadata": {},
   "outputs": [],
   "source": [
    "G_2 = A@A.T"
   ]
  },
  {
   "cell_type": "code",
   "execution_count": 7,
   "id": "9bca46b6-f256-493c-8e08-fc4f138afbee",
   "metadata": {},
   "outputs": [
    {
     "data": {
      "text/plain": [
       "array([[1, 1, 0],\n",
       "       [1, 2, 1],\n",
       "       [0, 1, 1]])"
      ]
     },
     "execution_count": 7,
     "metadata": {},
     "output_type": "execute_result"
    }
   ],
   "source": [
    "G_2"
   ]
  },
  {
   "cell_type": "code",
   "execution_count": 25,
   "id": "e4f2d420-2306-4f82-9392-e07b68dfa55e",
   "metadata": {},
   "outputs": [
    {
     "data": {
      "text/plain": [
       "(array([2.56090598e-16, 1.00000000e+00, 3.00000000e+00]),\n",
       " array([[-5.77350269e-01,  7.07106781e-01,  4.08248290e-01],\n",
       "        [ 5.77350269e-01,  9.13969213e-18,  8.16496581e-01],\n",
       "        [-5.77350269e-01, -7.07106781e-01,  4.08248290e-01]]))"
      ]
     },
     "execution_count": 25,
     "metadata": {},
     "output_type": "execute_result"
    }
   ],
   "source": [
    "lambdas,U = np.linalg.eigh(G_2)\n",
    "lambdas,U"
   ]
  },
  {
   "cell_type": "code",
   "execution_count": 27,
   "id": "a386aed2-1265-47d7-816a-cadf8791c667",
   "metadata": {},
   "outputs": [
    {
     "data": {
      "text/plain": [
       "(array([[ 4.08248290e-01, -7.07106781e-01,  5.77350269e-01],\n",
       "        [ 8.16496581e-01, -2.18777420e-16, -5.77350269e-01],\n",
       "        [ 4.08248290e-01,  7.07106781e-01,  5.77350269e-01]]),\n",
       " array([1.73205081, 1.        ]),\n",
       " array([[-0.70710678, -0.70710678],\n",
       "        [-0.70710678,  0.70710678]]))"
      ]
     },
     "execution_count": 27,
     "metadata": {},
     "output_type": "execute_result"
    }
   ],
   "source": [
    "U,S,V = np.linalg.svd(A)\n",
    "U,S,V"
   ]
  },
  {
   "cell_type": "code",
   "execution_count": 29,
   "id": "e401300f-e896-414b-9344-336d960a61c2",
   "metadata": {},
   "outputs": [
    {
     "data": {
      "text/plain": [
       "2.0"
      ]
     },
     "execution_count": 29,
     "metadata": {},
     "output_type": "execute_result"
    }
   ],
   "source": [
    "np.sqrt(4)"
   ]
  },
  {
   "cell_type": "code",
   "execution_count": 31,
   "id": "abfeb5f3-02f6-437b-844f-3e297e9313d5",
   "metadata": {},
   "outputs": [],
   "source": [
    "A = np.array([[5/4,-3/4],\n",
    "              [-3/4,5/4]])"
   ]
  },
  {
   "cell_type": "code",
   "execution_count": 33,
   "id": "98a80e34-a50c-4fdd-a405-5d937446b7c0",
   "metadata": {},
   "outputs": [
    {
     "data": {
      "text/plain": [
       "(array([[-0.70710678,  0.70710678],\n",
       "        [ 0.70710678,  0.70710678]]),\n",
       " array([2. , 0.5]),\n",
       " array([[-0.70710678,  0.70710678],\n",
       "        [ 0.70710678,  0.70710678]]))"
      ]
     },
     "execution_count": 33,
     "metadata": {},
     "output_type": "execute_result"
    }
   ],
   "source": [
    "U,S,V = np.linalg.svd(A)\n",
    "U,S,V"
   ]
  },
  {
   "cell_type": "code",
   "execution_count": null,
   "id": "d05819c7-b903-4f54-a27a-46c7beee0a0d",
   "metadata": {},
   "outputs": [],
   "source": []
  },
  {
   "cell_type": "code",
   "execution_count": 68,
   "id": "a460dbf8-6768-4549-ad85-790ddf2a86d7",
   "metadata": {},
   "outputs": [],
   "source": [
    "A = np.array([[0,1,1],\n",
    "              [1,0,1],\n",
    "              [1,1,0]])"
   ]
  },
  {
   "cell_type": "code",
   "execution_count": 70,
   "id": "59f4e8f0-9421-428f-9657-cf733cdd8514",
   "metadata": {},
   "outputs": [],
   "source": [
    "G_1 = A.T@A"
   ]
  },
  {
   "cell_type": "code",
   "execution_count": 72,
   "id": "5d2b9d2b-5fa1-441c-9c5f-7c95ac9851c7",
   "metadata": {},
   "outputs": [
    {
     "data": {
      "text/plain": [
       "(array([1., 1., 4.]),\n",
       " array([[ 0.57307506, -0.58159406,  0.57735027],\n",
       "        [-0.79021276, -0.20550053,  0.57735027],\n",
       "        [ 0.2171377 ,  0.78709459,  0.57735027]]))"
      ]
     },
     "execution_count": 72,
     "metadata": {},
     "output_type": "execute_result"
    }
   ],
   "source": [
    "lambdas_G_1,V_1 = np.linalg.eigh(G_1)\n",
    "lambdas_G_1,V_1"
   ]
  },
  {
   "cell_type": "code",
   "execution_count": 74,
   "id": "ebe621ce-0896-420d-9284-4f0ea6d97363",
   "metadata": {},
   "outputs": [],
   "source": [
    "G_2 = A@A.T"
   ]
  },
  {
   "cell_type": "code",
   "execution_count": 76,
   "id": "05646da9-8949-4921-b940-a55fda96aebb",
   "metadata": {},
   "outputs": [
    {
     "data": {
      "text/plain": [
       "(array([1., 1., 4.]),\n",
       " array([[ 0.57307506, -0.58159406,  0.57735027],\n",
       "        [-0.79021276, -0.20550053,  0.57735027],\n",
       "        [ 0.2171377 ,  0.78709459,  0.57735027]]))"
      ]
     },
     "execution_count": 76,
     "metadata": {},
     "output_type": "execute_result"
    }
   ],
   "source": [
    "lambdas_G_2,U_1 = np.linalg.eigh(G_2)\n",
    "lambdas_G_2,U_1"
   ]
  },
  {
   "cell_type": "code",
   "execution_count": 66,
   "id": "c353caa1-93f3-4c40-9a12-5cb8b5dc6838",
   "metadata": {},
   "outputs": [
    {
     "data": {
      "text/plain": [
       "(array([[-5.77350269e-01, -1.00875766e-16,  8.16496581e-01],\n",
       "        [-5.77350269e-01, -7.07106781e-01, -4.08248290e-01],\n",
       "        [-5.77350269e-01,  7.07106781e-01, -4.08248290e-01]]),\n",
       " array([2., 1., 1.]),\n",
       " array([[-0.57735027, -0.57735027, -0.57735027],\n",
       "        [-0.        ,  0.70710678, -0.70710678],\n",
       "        [-0.81649658,  0.40824829,  0.40824829]]))"
      ]
     },
     "execution_count": 66,
     "metadata": {},
     "output_type": "execute_result"
    }
   ],
   "source": [
    "U,S,V = np.linalg.svd(A)\n",
    "U,S,V"
   ]
  },
  {
   "cell_type": "code",
   "execution_count": 80,
   "id": "902768c0-c2e9-40e7-8df6-8842bda14776",
   "metadata": {},
   "outputs": [
    {
     "data": {
      "text/plain": [
       "array([[ 1.00000000e+00,  1.92543785e-16,  2.81644282e-16],\n",
       "       [ 1.92543785e-16,  1.00000000e+00, -1.09365997e-16],\n",
       "       [ 2.81644282e-16, -1.09365997e-16,  1.00000000e+00]])"
      ]
     },
     "execution_count": 80,
     "metadata": {},
     "output_type": "execute_result"
    }
   ],
   "source": [
    "V_1.T@V_1"
   ]
  },
  {
   "cell_type": "code",
   "execution_count": 82,
   "id": "d11dc5ad-0891-4774-a77f-5aa3fdf5c015",
   "metadata": {},
   "outputs": [
    {
     "data": {
      "text/plain": [
       "array([[ 1.00000000e+00, -9.72785220e-18, -9.72785220e-18],\n",
       "       [-9.72785220e-18,  1.00000000e+00, -9.36825298e-17],\n",
       "       [-9.72785220e-18, -9.36825298e-17,  1.00000000e+00]])"
      ]
     },
     "execution_count": 82,
     "metadata": {},
     "output_type": "execute_result"
    }
   ],
   "source": [
    "V.T @ V"
   ]
  },
  {
   "cell_type": "code",
   "execution_count": null,
   "id": "6de865cd-e10d-4267-9f2c-768f1d0fcd1e",
   "metadata": {},
   "outputs": [],
   "source": []
  },
  {
   "cell_type": "code",
   "execution_count": 85,
   "id": "fc4a81eb-88bd-45cc-87da-1f03dcefc873",
   "metadata": {},
   "outputs": [],
   "source": [
    "A = np.array([[0,1,1],\n",
    "              [1,1,0]])"
   ]
  },
  {
   "cell_type": "code",
   "execution_count": 87,
   "id": "0ca4b409-f4f3-4eea-955e-53c63dcd090f",
   "metadata": {},
   "outputs": [],
   "source": [
    "G_1 = A.T @ A"
   ]
  },
  {
   "cell_type": "code",
   "execution_count": 89,
   "id": "453d55a2-beb2-4aa5-aed8-ed1fda2b71ad",
   "metadata": {},
   "outputs": [],
   "source": [
    "G_2 = A @ A.T"
   ]
  },
  {
   "cell_type": "code",
   "execution_count": 95,
   "id": "c5399ef1-1f4e-4e44-9a8d-255452f88b4e",
   "metadata": {},
   "outputs": [],
   "source": [
    "lambdas_G_1,V_1 = np.linalg.eigh(G_1)"
   ]
  },
  {
   "cell_type": "code",
   "execution_count": 97,
   "id": "d31e03d5-0533-4979-bfe2-5972f4ec0c5f",
   "metadata": {},
   "outputs": [],
   "source": [
    "lambdas_G_2,V_2 = np.linalg.eigh(G_2)"
   ]
  },
  {
   "cell_type": "code",
   "execution_count": 101,
   "id": "c40eb19f-c884-4b80-8aa9-55507771f664",
   "metadata": {},
   "outputs": [
    {
     "data": {
      "text/plain": [
       "(array([2.56090598e-16, 1.00000000e+00, 3.00000000e+00]),\n",
       " array([[-5.77350269e-01,  7.07106781e-01,  4.08248290e-01],\n",
       "        [ 5.77350269e-01,  9.13969213e-18,  8.16496581e-01],\n",
       "        [-5.77350269e-01, -7.07106781e-01,  4.08248290e-01]]))"
      ]
     },
     "execution_count": 101,
     "metadata": {},
     "output_type": "execute_result"
    }
   ],
   "source": [
    "lambdas_G_1,V_1"
   ]
  },
  {
   "cell_type": "code",
   "execution_count": 103,
   "id": "a5ebe047-96ea-4609-be45-f356d5bbc45a",
   "metadata": {},
   "outputs": [
    {
     "data": {
      "text/plain": [
       "(array([1., 3.]),\n",
       " array([[-0.70710678,  0.70710678],\n",
       "        [ 0.70710678,  0.70710678]]))"
      ]
     },
     "execution_count": 103,
     "metadata": {},
     "output_type": "execute_result"
    }
   ],
   "source": [
    "lambdas_G_2,V_2"
   ]
  },
  {
   "cell_type": "code",
   "execution_count": 105,
   "id": "901d02fd-5147-4bd1-87f1-0cc3433157cb",
   "metadata": {},
   "outputs": [
    {
     "data": {
      "text/plain": [
       "(array([[-0.70710678, -0.70710678],\n",
       "        [-0.70710678,  0.70710678]]),\n",
       " array([1.73205081, 1.        ]),\n",
       " array([[-4.08248290e-01, -8.16496581e-01, -4.08248290e-01],\n",
       "        [ 7.07106781e-01,  1.65204549e-16, -7.07106781e-01],\n",
       "        [ 5.77350269e-01, -5.77350269e-01,  5.77350269e-01]]))"
      ]
     },
     "execution_count": 105,
     "metadata": {},
     "output_type": "execute_result"
    }
   ],
   "source": [
    "U,S,V = np.linalg.svd(A)\n",
    "U,S,V"
   ]
  },
  {
   "cell_type": "code",
   "execution_count": null,
   "id": "13744a23-1b6d-4444-a0a7-d1ba24d871aa",
   "metadata": {},
   "outputs": [],
   "source": []
  }
 ],
 "metadata": {
  "kernelspec": {
   "display_name": "Python [conda env:base] *",
   "language": "python",
   "name": "conda-base-py"
  },
  "language_info": {
   "codemirror_mode": {
    "name": "ipython",
    "version": 3
   },
   "file_extension": ".py",
   "mimetype": "text/x-python",
   "name": "python",
   "nbconvert_exporter": "python",
   "pygments_lexer": "ipython3",
   "version": "3.12.11"
  }
 },
 "nbformat": 4,
 "nbformat_minor": 5
}
