{
 "cells": [
  {
   "cell_type": "code",
   "execution_count": 2,
   "id": "c1ed20fb-c7f0-4d32-89a2-3ccee02910df",
   "metadata": {},
   "outputs": [],
   "source": [
    "import numpy as np"
   ]
  },
  {
   "cell_type": "code",
   "execution_count": 24,
   "id": "69bdc057-bbc4-4666-8441-d0488d8dd8e8",
   "metadata": {},
   "outputs": [
    {
     "name": "stdout",
     "output_type": "stream",
     "text": [
      "[0.25 4.  ]\n",
      "[[-0.70710678 -0.70710678]\n",
      " [-0.70710678  0.70710678]]\n",
      "[0.25 4.  ]\n",
      "[[-0.70710678 -0.70710678]\n",
      " [-0.70710678  0.70710678]]\n",
      "\n",
      "[[-0.70710678  0.70710678]\n",
      " [ 0.70710678  0.70710678]]\n",
      "[2.  0.5]\n",
      "[[-0.70710678  0.70710678]\n",
      " [ 0.70710678  0.70710678]]\n"
     ]
    }
   ],
   "source": [
    "A = np.array([[5/4,-3/4],\n",
    "              [-3/4,5/4]])\n",
    "G_1 = A.T @ A\n",
    "G_2 = A @ A.T\n",
    "\n",
    "lambdas_G_1,V_G_1 = np.linalg.eigh(G_1)\n",
    "lambdas_G_2,U_G_2 = np.linalg.eigh(G_2)\n",
    "print(lambdas_G_1)\n",
    "print(V_G_1)\n",
    "print(lambdas_G_2)\n",
    "print(U_G_2)\n",
    "\n",
    "print('')\n",
    "\n",
    "U,S,V_T = np.linalg.svd(A)\n",
    "print(U)\n",
    "print(S)\n",
    "print(V_T)"
   ]
  },
  {
   "cell_type": "code",
   "execution_count": 26,
   "id": "6b8cdc93-930c-4f36-8d47-89207c4b62cf",
   "metadata": {},
   "outputs": [
    {
     "name": "stdout",
     "output_type": "stream",
     "text": [
      "[0.76393202 5.23606798]\n",
      "[[ 0.52573111 -0.85065081]\n",
      " [-0.85065081 -0.52573111]]\n",
      "[0.76393202 5.23606798]\n",
      "[[ 0.22975292 -0.97324899]\n",
      " [-0.97324899 -0.22975292]]\n",
      "\n",
      "[[ 0.97324899 -0.22975292]\n",
      " [ 0.22975292  0.97324899]]\n",
      "[2.28824561 0.87403205]\n",
      "[[ 0.85065081  0.52573111]\n",
      " [-0.52573111  0.85065081]]\n"
     ]
    }
   ],
   "source": [
    "A = np.array([[2,1],\n",
    "              [0,1]])\n",
    "G_1 = A.T @ A\n",
    "G_2 = A @ A.T\n",
    "\n",
    "lambdas_G_1,V_G_1 = np.linalg.eigh(G_1)\n",
    "lambdas_G_2,U_G_2 = np.linalg.eigh(G_2)\n",
    "print(lambdas_G_1)\n",
    "print(V_G_1)\n",
    "print(lambdas_G_2)\n",
    "print(U_G_2)\n",
    "\n",
    "print('')\n",
    "\n",
    "U,S,V_T = np.linalg.svd(A)\n",
    "print(U)\n",
    "print(S)\n",
    "print(V_T)"
   ]
  },
  {
   "cell_type": "code",
   "execution_count": 28,
   "id": "bdc955ff-ea4a-410b-9c16-94019fc7a845",
   "metadata": {},
   "outputs": [
    {
     "name": "stdout",
     "output_type": "stream",
     "text": [
      "[1. 1. 4.]\n",
      "[[ 0.57307506 -0.58159406  0.57735027]\n",
      " [-0.79021276 -0.20550053  0.57735027]\n",
      " [ 0.2171377   0.78709459  0.57735027]]\n",
      "[1. 1. 4.]\n",
      "[[ 0.57307506 -0.58159406  0.57735027]\n",
      " [-0.79021276 -0.20550053  0.57735027]\n",
      " [ 0.2171377   0.78709459  0.57735027]]\n",
      "\n",
      "[[-5.77350269e-01 -1.00875766e-16  8.16496581e-01]\n",
      " [-5.77350269e-01 -7.07106781e-01 -4.08248290e-01]\n",
      " [-5.77350269e-01  7.07106781e-01 -4.08248290e-01]]\n",
      "[2. 1. 1.]\n",
      "[[-0.57735027 -0.57735027 -0.57735027]\n",
      " [-0.          0.70710678 -0.70710678]\n",
      " [-0.81649658  0.40824829  0.40824829]]\n"
     ]
    }
   ],
   "source": [
    "A = np.array([[0,1,1],\n",
    "              [1,0,1],\n",
    "              [1,1,0]])\n",
    "G_1 = A.T @ A\n",
    "G_2 = A @ A.T\n",
    "\n",
    "lambdas_G_1,V_G_1 = np.linalg.eigh(G_1)\n",
    "lambdas_G_2,U_G_2 = np.linalg.eigh(G_2)\n",
    "print(lambdas_G_1)\n",
    "print(V_G_1)\n",
    "print(lambdas_G_2)\n",
    "print(U_G_2)\n",
    "\n",
    "print('')\n",
    "\n",
    "U,S,V_T = np.linalg.svd(A)\n",
    "print(U)\n",
    "print(S)\n",
    "print(V_T)"
   ]
  },
  {
   "cell_type": "code",
   "execution_count": 30,
   "id": "057e06af-60ba-4625-a303-051c8cc526f3",
   "metadata": {},
   "outputs": [
    {
     "name": "stdout",
     "output_type": "stream",
     "text": [
      "[-1.00582367e-17  3.00000000e+00  3.00000000e+00]\n",
      "[[-0.57735027 -0.50766227  0.63948861]\n",
      " [ 0.57735027 -0.80764452 -0.11990412]\n",
      " [ 0.57735027  0.29998225  0.75939273]]\n",
      "[-1.00582367e-17  3.00000000e+00  3.00000000e+00]\n",
      "[[ 0.57735027 -0.50766227  0.63948861]\n",
      " [ 0.57735027  0.80764452  0.11990412]\n",
      " [-0.57735027  0.29998225  0.75939273]]\n",
      "\n",
      "[[ 0.          0.81649658 -0.57735027]\n",
      " [-0.70710678 -0.40824829 -0.57735027]\n",
      " [-0.70710678  0.40824829  0.57735027]]\n",
      "[1.73205081e+00 1.73205081e+00 7.75799640e-17]\n",
      "[[-8.16496581e-01 -4.08248290e-01 -4.08248290e-01]\n",
      " [ 2.89172142e-17  7.07106781e-01 -7.07106781e-01]\n",
      " [-5.77350269e-01  5.77350269e-01  5.77350269e-01]]\n"
     ]
    }
   ],
   "source": [
    "A = np.array([[0,1,-1],\n",
    "              [1,0,1],\n",
    "              [1,1,0]])\n",
    "G_1 = A.T @ A\n",
    "G_2 = A @ A.T\n",
    "\n",
    "lambdas_G_1,V_G_1 = np.linalg.eigh(G_1)\n",
    "lambdas_G_2,U_G_2 = np.linalg.eigh(G_2)\n",
    "print(lambdas_G_1)\n",
    "print(V_G_1)\n",
    "print(lambdas_G_2)\n",
    "print(U_G_2)\n",
    "\n",
    "print('')\n",
    "\n",
    "U,S,V_T = np.linalg.svd(A)\n",
    "print(U)\n",
    "print(S)\n",
    "print(V_T)"
   ]
  },
  {
   "cell_type": "code",
   "execution_count": 32,
   "id": "f92ff344-b028-4229-89ac-ec5b1c31a3e1",
   "metadata": {},
   "outputs": [
    {
     "name": "stdout",
     "output_type": "stream",
     "text": [
      "[2.56090598e-16 1.00000000e+00 3.00000000e+00]\n",
      "[[-5.77350269e-01  7.07106781e-01  4.08248290e-01]\n",
      " [ 5.77350269e-01  9.13969213e-18  8.16496581e-01]\n",
      " [-5.77350269e-01 -7.07106781e-01  4.08248290e-01]]\n",
      "[1. 3.]\n",
      "[[-0.70710678  0.70710678]\n",
      " [ 0.70710678  0.70710678]]\n",
      "\n",
      "[[-0.70710678 -0.70710678]\n",
      " [-0.70710678  0.70710678]]\n",
      "[1.73205081 1.        ]\n",
      "[[-4.08248290e-01 -8.16496581e-01 -4.08248290e-01]\n",
      " [ 7.07106781e-01  1.65204549e-16 -7.07106781e-01]\n",
      " [ 5.77350269e-01 -5.77350269e-01  5.77350269e-01]]\n"
     ]
    }
   ],
   "source": [
    "A = np.array([[0,1,1],\n",
    "              [1,1,0]])\n",
    "G_1 = A.T @ A\n",
    "G_2 = A @ A.T\n",
    "\n",
    "lambdas_G_1,V_G_1 = np.linalg.eigh(G_1)\n",
    "lambdas_G_2,U_G_2 = np.linalg.eigh(G_2)\n",
    "print(lambdas_G_1)\n",
    "print(V_G_1)\n",
    "print(lambdas_G_2)\n",
    "print(U_G_2)\n",
    "\n",
    "print('')\n",
    "\n",
    "U,S,V_T = np.linalg.svd(A)\n",
    "print(U)\n",
    "print(S)\n",
    "print(V_T)"
   ]
  },
  {
   "cell_type": "code",
   "execution_count": 34,
   "id": "dc277d8e-2e50-4c13-8eed-ea766e2e7636",
   "metadata": {},
   "outputs": [
    {
     "name": "stdout",
     "output_type": "stream",
     "text": [
      "[0. 0. 4.]\n",
      "[[ 1.          0.          0.        ]\n",
      " [ 0.         -0.70710678  0.70710678]\n",
      " [ 0.          0.70710678  0.70710678]]\n",
      "[0. 4.]\n",
      "[[-0.70710678 -0.70710678]\n",
      " [-0.70710678  0.70710678]]\n",
      "\n",
      "[[-0.70710678  0.70710678]\n",
      " [ 0.70710678  0.70710678]]\n",
      "[2.00000000e+00 1.77302319e-16]\n",
      "[[ 8.86511593e-17 -7.07106781e-01 -7.07106781e-01]\n",
      " [ 1.00000000e+00 -9.43234100e-17 -9.43234100e-17]\n",
      " [-1.00875766e-16 -7.07106781e-01  7.07106781e-01]]\n"
     ]
    }
   ],
   "source": [
    "A = np.array([[0,1,1],\n",
    "              [0,-1,-1]])\n",
    "G_1 = A.T @ A\n",
    "G_2 = A @ A.T\n",
    "\n",
    "lambdas_G_1,V_G_1 = np.linalg.eigh(G_1)\n",
    "lambdas_G_2,U_G_2 = np.linalg.eigh(G_2)\n",
    "print(lambdas_G_1)\n",
    "print(V_G_1)\n",
    "print(lambdas_G_2)\n",
    "print(U_G_2)\n",
    "\n",
    "print('')\n",
    "\n",
    "U,S,V_T = np.linalg.svd(A)\n",
    "print(U)\n",
    "print(S)\n",
    "print(V_T)"
   ]
  },
  {
   "cell_type": "code",
   "execution_count": null,
   "id": "d22dee5f-9745-4cef-8f01-e82aec130d08",
   "metadata": {},
   "outputs": [],
   "source": []
  }
 ],
 "metadata": {
  "kernelspec": {
   "display_name": "Python [conda env:base] *",
   "language": "python",
   "name": "conda-base-py"
  },
  "language_info": {
   "codemirror_mode": {
    "name": "ipython",
    "version": 3
   },
   "file_extension": ".py",
   "mimetype": "text/x-python",
   "name": "python",
   "nbconvert_exporter": "python",
   "pygments_lexer": "ipython3",
   "version": "3.12.11"
  }
 },
 "nbformat": 4,
 "nbformat_minor": 5
}
