{
 "cells": [
  {
   "cell_type": "code",
   "execution_count": 1,
   "id": "af8d3acd-3a12-4faa-b003-e26a13bd1eea",
   "metadata": {},
   "outputs": [],
   "source": [
    "#q2"
   ]
  },
  {
   "cell_type": "code",
   "execution_count": 3,
   "id": "c097e271-b461-4f48-8877-688a38b5831e",
   "metadata": {},
   "outputs": [],
   "source": [
    "import numpy as np"
   ]
  },
  {
   "cell_type": "code",
   "execution_count": 5,
   "id": "c17b212b-d88d-43e7-9678-74a0561c3c55",
   "metadata": {},
   "outputs": [],
   "source": [
    "A = np.array([[1,0,1],\n",
    "              [0,1,1],\n",
    "              [1,1,0]])"
   ]
  },
  {
   "cell_type": "code",
   "execution_count": 17,
   "id": "decc7db7-fe31-408a-9230-07c7511e116d",
   "metadata": {},
   "outputs": [
    {
     "data": {
      "text/plain": [
       "array([[ 0.5, -0.5,  0.5],\n",
       "       [-0.5,  0.5,  0.5],\n",
       "       [ 0.5,  0.5, -0.5]])"
      ]
     },
     "execution_count": 17,
     "metadata": {},
     "output_type": "execute_result"
    }
   ],
   "source": [
    "np.linalg.inv(A)"
   ]
  },
  {
   "cell_type": "code",
   "execution_count": 20,
   "id": "e6c81f80-738d-454c-b5da-20233c09fae9",
   "metadata": {},
   "outputs": [],
   "source": [
    "#q3"
   ]
  },
  {
   "cell_type": "code",
   "execution_count": 22,
   "id": "fb3d1997-1e40-44fc-9dc9-1dc911740b1f",
   "metadata": {},
   "outputs": [],
   "source": [
    "import time"
   ]
  },
  {
   "cell_type": "code",
   "execution_count": 50,
   "id": "f691c829-ba95-421c-87ff-76f9a24c7a8c",
   "metadata": {},
   "outputs": [],
   "source": [
    "start = time.time()"
   ]
  },
  {
   "cell_type": "code",
   "execution_count": 52,
   "id": "07ae4355-9f2a-4a7d-b2a3-a8474801336f",
   "metadata": {},
   "outputs": [],
   "source": [
    "end = time.time()"
   ]
  },
  {
   "cell_type": "code",
   "execution_count": 54,
   "id": "71a01d10-fb30-4301-bbe4-3b3e2084f700",
   "metadata": {},
   "outputs": [
    {
     "data": {
      "text/plain": [
       "0.11880993843078613"
      ]
     },
     "execution_count": 54,
     "metadata": {},
     "output_type": "execute_result"
    }
   ],
   "source": [
    "end - start"
   ]
  },
  {
   "cell_type": "code",
   "execution_count": 72,
   "id": "539c2150-2fea-48c8-b27a-94d57ba9ef2d",
   "metadata": {},
   "outputs": [
    {
     "data": {
      "text/plain": [
       "1757683577.750892"
      ]
     },
     "execution_count": 72,
     "metadata": {},
     "output_type": "execute_result"
    }
   ],
   "source": [
    "#time.time()调用从世界基准点 1970,1,1 00:00:00 到现在有多少秒\n",
    "time.time()"
   ]
  },
  {
   "cell_type": "code",
   "execution_count": 76,
   "id": "71887629-f287-4de8-8d31-1e89a72e28c1",
   "metadata": {},
   "outputs": [
    {
     "data": {
      "text/plain": [
       "20343.56022272867"
      ]
     },
     "execution_count": 76,
     "metadata": {},
     "output_type": "execute_result"
    }
   ],
   "source": [
    "time.time()/60/60/24 #多少天"
   ]
  },
  {
   "cell_type": "code",
   "execution_count": null,
   "id": "7c2f96a7-82af-4094-8e7d-8486a799e685",
   "metadata": {},
   "outputs": [],
   "source": []
  },
  {
   "cell_type": "code",
   "execution_count": 120,
   "id": "3cd9f5a8-3b6d-40de-af52-c2debf608180",
   "metadata": {},
   "outputs": [],
   "source": [
    "np.random.seed(88)"
   ]
  },
  {
   "cell_type": "code",
   "execution_count": 122,
   "id": "76f5cb19-767c-4bcf-b577-5c84a2941361",
   "metadata": {},
   "outputs": [
    {
     "data": {
      "text/plain": [
       "array([[9, 1, 2, 5, 6],\n",
       "       [2, 1, 6, 1, 3],\n",
       "       [2, 5, 8, 8, 8],\n",
       "       [7, 7, 4, 2, 1],\n",
       "       [9, 7, 1, 1, 6]])"
      ]
     },
     "execution_count": 122,
     "metadata": {},
     "output_type": "execute_result"
    }
   ],
   "source": [
    "A = np.random.randint(1,10,(5,5))\n",
    "A"
   ]
  },
  {
   "cell_type": "code",
   "execution_count": 124,
   "id": "5b2b6116-f1c9-471f-ac2a-7ef585eac2c2",
   "metadata": {},
   "outputs": [
    {
     "data": {
      "text/plain": [
       "array([[8, 6, 4, 6, 4, 8, 4, 4, 9, 6],\n",
       "       [1, 7, 5, 1, 3, 3, 6, 3, 6, 7],\n",
       "       [7, 2, 2, 9, 7, 2, 3, 2, 8, 5],\n",
       "       [4, 7, 7, 7, 1, 4, 1, 9, 3, 8],\n",
       "       [1, 8, 3, 7, 4, 7, 9, 7, 5, 4],\n",
       "       [3, 8, 2, 4, 9, 9, 1, 9, 6, 1],\n",
       "       [5, 5, 1, 2, 5, 2, 8, 8, 1, 8],\n",
       "       [2, 1, 1, 7, 5, 8, 7, 9, 6, 4],\n",
       "       [5, 2, 1, 3, 7, 2, 1, 3, 1, 8],\n",
       "       [8, 4, 2, 9, 8, 9, 2, 4, 2, 6]])"
      ]
     },
     "execution_count": 124,
     "metadata": {},
     "output_type": "execute_result"
    }
   ],
   "source": [
    "B = np.random.randint(1,10,(10,10))\n",
    "B"
   ]
  },
  {
   "cell_type": "code",
   "execution_count": 128,
   "id": "7b7e19c2-f9d6-41fe-9787-c7e1948155fe",
   "metadata": {},
   "outputs": [],
   "source": [
    "def get_minor(matrix,row,col):\n",
    "    \"\"\"\n",
    "    提取余子矩阵,去掉指定的行和列\n",
    "    \"\"\"\n",
    "    return np.delete(np.delete(matrix,row,axis = 0),col,axis = 1)"
   ]
  },
  {
   "cell_type": "code",
   "execution_count": 131,
   "id": "15767965-5e20-4184-bcba-0de34a199d84",
   "metadata": {},
   "outputs": [],
   "source": [
    "def determinant(matrix):\n",
    "    \"\"\"\n",
    "    递归计算行列式 (Laplace 展开)\n",
    "    \"\"\"\n",
    "    n = matrix.shape[0]\n",
    "    if n == 1:\n",
    "        return matrix[0,0]\n",
    "    if n ==2:\n",
    "        return matrix[0,0]*matrix[1,1] - matrix[0,1]*matrix[1,0]\n",
    "\n",
    "    det = 0\n",
    "    for col in range(n):\n",
    "        minor = get_minor(matrix,0,col)\n",
    "        cofactor = ((-1) ** col) * determinant(minor)\n",
    "        det += matrix[0,col] * cofactor\n",
    "\n",
    "    return det"
   ]
  },
  {
   "cell_type": "code",
   "execution_count": 134,
   "id": "a2fb9535-9756-4f02-a291-ff24e3d42539",
   "metadata": {},
   "outputs": [],
   "source": [
    "def cofactor_matrix(matrix):\n",
    "    \"\"\"\n",
    "    计算代数余子式矩阵\n",
    "    \"\"\"\n",
    "    n = matrix.shape[0]\n",
    "    cof_matrix = np.zeros((n,n))\n",
    "\n",
    "    for row in range(n):\n",
    "        for col in range(n):\n",
    "            minor = get_minor(matrix,row,col)\n",
    "            cof_matrix[row,col] = ((-1) ** (row+col)) * determinant(minor)\n",
    "\n",
    "    return cof_matrix"
   ]
  },
  {
   "cell_type": "code",
   "execution_count": 137,
   "id": "05042143-9859-4c60-8d18-94d94b7592f6",
   "metadata": {},
   "outputs": [],
   "source": [
    "def adjugate_matrix(matrix):\n",
    "    \"\"\"\n",
    "    计算伴随矩阵,代数余子式矩阵的转置\n",
    "    \"\"\"\n",
    "    return cofactor_matrix(matrix).T"
   ]
  },
  {
   "cell_type": "code",
   "execution_count": 140,
   "id": "b2cd7a82-7b74-454e-a357-3959cf0dfc57",
   "metadata": {},
   "outputs": [],
   "source": [
    "def inverse_matrix(matrix):\n",
    "    \"\"\"\n",
    "    计算矩阵的逆矩阵(如果存在)\n",
    "    \"\"\"\n",
    "    det = determinant(matrix)\n",
    "    if det == 0:\n",
    "        raise ValueError('矩阵不可逆,行列式为0')\n",
    "\n",
    "    adj = adjugate_matrix(matrix)\n",
    "    return adj/det"
   ]
  },
  {
   "cell_type": "code",
   "execution_count": 147,
   "id": "f94445bc-cb55-490c-9f63-a103744fc783",
   "metadata": {},
   "outputs": [
    {
     "name": "stdout",
     "output_type": "stream",
     "text": [
      "[[ 0.09724104  0.03516443 -0.07691834  0.05795049 -0.02192388]\n",
      " [-0.11023525 -0.09052839  0.05616455  0.0609681   0.07045203]\n",
      " [-0.01391797  0.1729277  -0.01748984  0.04680379 -0.05702673]\n",
      " [ 0.08812662 -0.17902451  0.08861929  0.0797512  -0.13006528]\n",
      " [-0.02962187  0.05388595  0.03799729 -0.17914768  0.14854046]]\n"
     ]
    },
    {
     "data": {
      "text/plain": [
       "0.013947725296020508"
      ]
     },
     "execution_count": 147,
     "metadata": {},
     "output_type": "execute_result"
    }
   ],
   "source": [
    "start = time.time()\n",
    "print(np.linalg.inv(A))\n",
    "end = time.time()\n",
    "end - start"
   ]
  },
  {
   "cell_type": "code",
   "execution_count": 151,
   "id": "9bd977ec-c9d9-4ce8-bf64-ac56901a7c9b",
   "metadata": {},
   "outputs": [
    {
     "name": "stdout",
     "output_type": "stream",
     "text": [
      "[[ 0.09724104  0.03516443 -0.07691834  0.05795049 -0.02192388]\n",
      " [-0.11023525 -0.09052839  0.05616455  0.0609681   0.07045203]\n",
      " [-0.01391797  0.1729277  -0.01748984  0.04680379 -0.05702673]\n",
      " [ 0.08812662 -0.17902451  0.08861929  0.0797512  -0.13006528]\n",
      " [-0.02962187  0.05388595  0.03799729 -0.17914768  0.14854046]]\n"
     ]
    },
    {
     "data": {
      "text/plain": [
       "0.01395106315612793"
      ]
     },
     "execution_count": 151,
     "metadata": {},
     "output_type": "execute_result"
    }
   ],
   "source": [
    "start = time.time()\n",
    "print(inverse_matrix(A))\n",
    "end = time.time()\n",
    "end - start"
   ]
  },
  {
   "cell_type": "code",
   "execution_count": 153,
   "id": "406b63fa-cd8c-42d3-a79e-576325e50d0e",
   "metadata": {},
   "outputs": [
    {
     "name": "stdout",
     "output_type": "stream",
     "text": [
      "[[ 0.02128415  0.03038654  0.05143654 -0.00123994 -0.16629995  0.01194327\n",
      "   0.1598788  -0.03311189 -0.22639019  0.12168689]\n",
      " [ 0.13287547 -0.18197973 -0.05277408 -0.00333811  0.26436151  0.01981187\n",
      "  -0.05816297 -0.15741521  0.22286846 -0.16634339]\n",
      " [-0.36301455  0.51293475  0.15322026  0.06831176 -0.50312411  0.04411179\n",
      "   0.17479065  0.09717291 -0.65990479  0.45592581]\n",
      " [ 0.00399686 -0.13225141  0.03882404  0.0355786   0.17239395 -0.04473156\n",
      "  -0.08558958 -0.02884487  0.11248409 -0.05359853]\n",
      " [-0.19918707  0.19392079  0.09343581 -0.0373232  -0.16455972  0.07342671\n",
      "   0.05663797  0.0255039  -0.15997615  0.16309758]\n",
      " [ 0.07154051  0.00606452 -0.117341   -0.03082506  0.01102157 -0.01538224\n",
      "  -0.06613471  0.0512929   0.04345393  0.05153024]\n",
      " [-0.10243203  0.14932273  0.0528314  -0.04390993 -0.09721408 -0.02704012\n",
      "   0.12618187  0.03455959 -0.24494961  0.14737593]\n",
      " [-0.01519589 -0.04874594  0.00283962  0.05566321 -0.05386229  0.04639342\n",
      "   0.06378044  0.05049828 -0.03228527 -0.05200094]\n",
      " [ 0.13598929 -0.08222315  0.00947417 -0.01650136  0.07741684  0.01005183\n",
      "  -0.08313866  0.01687704  0.15785335 -0.1901131 ]\n",
      " [ 0.1552639  -0.14932376 -0.11394001  0.00677032  0.19999725 -0.07683396\n",
      "  -0.13745886 -0.00178663  0.40319297 -0.20211017]]\n"
     ]
    },
    {
     "data": {
      "text/plain": [
       "0.09809994697570801"
      ]
     },
     "execution_count": 153,
     "metadata": {},
     "output_type": "execute_result"
    }
   ],
   "source": [
    "start = time.time()\n",
    "print(np.linalg.inv(B))\n",
    "end = time.time()\n",
    "end - start"
   ]
  },
  {
   "cell_type": "code",
   "execution_count": 155,
   "id": "f4b44d61-02a0-47c1-a299-ef46c07da184",
   "metadata": {},
   "outputs": [
    {
     "name": "stdout",
     "output_type": "stream",
     "text": [
      "[[ 0.02128415  0.03038654  0.05143654 -0.00123994 -0.16629995  0.01194327\n",
      "   0.1598788  -0.03311189 -0.22639019  0.12168689]\n",
      " [ 0.13287547 -0.18197973 -0.05277408 -0.00333811  0.26436151  0.01981187\n",
      "  -0.05816297 -0.15741521  0.22286846 -0.16634339]\n",
      " [-0.36301455  0.51293475  0.15322026  0.06831176 -0.50312411  0.04411179\n",
      "   0.17479065  0.09717291 -0.65990479  0.45592581]\n",
      " [ 0.00399686 -0.13225141  0.03882404  0.0355786   0.17239395 -0.04473156\n",
      "  -0.08558958 -0.02884487  0.11248409 -0.05359853]\n",
      " [-0.19918707  0.19392079  0.09343581 -0.0373232  -0.16455972  0.07342671\n",
      "   0.05663797  0.0255039  -0.15997615  0.16309758]\n",
      " [ 0.07154051  0.00606452 -0.117341   -0.03082506  0.01102157 -0.01538224\n",
      "  -0.06613471  0.0512929   0.04345393  0.05153024]\n",
      " [-0.10243203  0.14932273  0.0528314  -0.04390993 -0.09721408 -0.02704012\n",
      "   0.12618187  0.03455959 -0.24494961  0.14737593]\n",
      " [-0.01519589 -0.04874594  0.00283962  0.05566321 -0.05386229  0.04639342\n",
      "   0.06378044  0.05049828 -0.03228527 -0.05200094]\n",
      " [ 0.13598929 -0.08222315  0.00947417 -0.01650136  0.07741684  0.01005183\n",
      "  -0.08313866  0.01687704  0.15785335 -0.1901131 ]\n",
      " [ 0.1552639  -0.14932376 -0.11394001  0.00677032  0.19999725 -0.07683396\n",
      "  -0.13745886 -0.00178663  0.40319297 -0.20211017]]\n"
     ]
    },
    {
     "data": {
      "text/plain": [
       "113.17054581642151"
      ]
     },
     "execution_count": 155,
     "metadata": {},
     "output_type": "execute_result"
    }
   ],
   "source": [
    "start = time.time()\n",
    "print(inverse_matrix(B))\n",
    "end = time.time()\n",
    "end - start"
   ]
  },
  {
   "cell_type": "code",
   "execution_count": null,
   "id": "07caecc0-8a92-457a-9de3-9f219f03c7b3",
   "metadata": {},
   "outputs": [],
   "source": []
  }
 ],
 "metadata": {
  "kernelspec": {
   "display_name": "Python [conda env:base] *",
   "language": "python",
   "name": "conda-base-py"
  },
  "language_info": {
   "codemirror_mode": {
    "name": "ipython",
    "version": 3
   },
   "file_extension": ".py",
   "mimetype": "text/x-python",
   "name": "python",
   "nbconvert_exporter": "python",
   "pygments_lexer": "ipython3",
   "version": "3.12.7"
  }
 },
 "nbformat": 4,
 "nbformat_minor": 5
}
