{
 "cells": [
  {
   "cell_type": "code",
   "execution_count": 1,
   "id": "3244b2c2-e7f7-42da-8a3a-8bb475dd28db",
   "metadata": {},
   "outputs": [],
   "source": [
    "import numpy as np"
   ]
  },
  {
   "cell_type": "code",
   "execution_count": 3,
   "id": "e1b4fa9b-6bac-4a0c-bf9f-cb78f0a43152",
   "metadata": {},
   "outputs": [],
   "source": [
    "A = np.array([[0,1],\n",
    "              [1,1],\n",
    "              [1,0]])"
   ]
  },
  {
   "cell_type": "code",
   "execution_count": 5,
   "id": "6a195194-0861-4d36-854e-d54cca12ba98",
   "metadata": {},
   "outputs": [],
   "source": [
    "ATA = A.T @ A"
   ]
  },
  {
   "cell_type": "code",
   "execution_count": 11,
   "id": "f56ccb58-8014-45df-b897-007526f6066a",
   "metadata": {},
   "outputs": [],
   "source": [
    "eigvals_V,V = np.linalg.eigh(ATA)"
   ]
  },
  {
   "cell_type": "code",
   "execution_count": 13,
   "id": "716c7e6a-2c63-4b2a-a9c6-33176aca9453",
   "metadata": {},
   "outputs": [
    {
     "data": {
      "text/plain": [
       "array([1., 3.])"
      ]
     },
     "execution_count": 13,
     "metadata": {},
     "output_type": "execute_result"
    }
   ],
   "source": [
    "eigvals_V"
   ]
  },
  {
   "cell_type": "code",
   "execution_count": 15,
   "id": "0f3599fc-f7a5-4ff2-95af-bd918d83b890",
   "metadata": {},
   "outputs": [],
   "source": [
    "#argsort默认返回升序排序后的索引顺序\n",
    "#赋值操作复制给本身会覆盖改变原数组,-A只能是生成新数组\n",
    "idx = np.argsort(-eigvals_V)\n",
    "\n",
    "eigvals_V = eigvals_V[idx]\n",
    "\n",
    "V = V[:,idx]"
   ]
  },
  {
   "cell_type": "code",
   "execution_count": 19,
   "id": "493593be-251f-412d-a24b-0f441dd95de8",
   "metadata": {},
   "outputs": [
    {
     "data": {
      "text/plain": [
       "array([3., 1.])"
      ]
     },
     "execution_count": 19,
     "metadata": {},
     "output_type": "execute_result"
    }
   ],
   "source": [
    "eigvals_V"
   ]
  },
  {
   "cell_type": "code",
   "execution_count": 21,
   "id": "cc45584d-15c9-491e-a761-721c56d23426",
   "metadata": {},
   "outputs": [
    {
     "data": {
      "text/plain": [
       "array([[ 0.70710678, -0.70710678],\n",
       "       [ 0.70710678,  0.70710678]])"
      ]
     },
     "execution_count": 21,
     "metadata": {},
     "output_type": "execute_result"
    }
   ],
   "source": [
    "V"
   ]
  },
  {
   "cell_type": "code",
   "execution_count": 23,
   "id": "9c39380f-1b35-4d53-b96b-bb3112b730be",
   "metadata": {},
   "outputs": [],
   "source": [
    "#首先取元素最大值逐个与0比较 防止有0值因为浮点误差产生负值而被开根号,直接比较大小取0值\n",
    "    #每次从参数1中按照顺序取出一个值与后面的数组比较\n",
    "    #这里是用到了广播规则,后者0广播变化成了与前者数组相同的结构,按照索引位置依次对比两个数组上的元素大小\n",
    "        #返回一个同形状数组,记录对比下的最大值\n",
    "singular_vals = np.sqrt(np.maximum(eigvals_V,0))"
   ]
  },
  {
   "cell_type": "code",
   "execution_count": 25,
   "id": "6d8e4223-23a5-489d-857e-7acf0fa42391",
   "metadata": {},
   "outputs": [
    {
     "data": {
      "text/plain": [
       "array([1.73205081, 1.        ])"
      ]
     },
     "execution_count": 25,
     "metadata": {},
     "output_type": "execute_result"
    }
   ],
   "source": [
    "singular_vals"
   ]
  },
  {
   "cell_type": "code",
   "execution_count": 27,
   "id": "c376573a-29ff-4ac8-8ed9-d94bbdb9df41",
   "metadata": {},
   "outputs": [],
   "source": [
    "#构造S"
   ]
  },
  {
   "cell_type": "code",
   "execution_count": 29,
   "id": "7f79403d-9568-4292-bb1a-41745e0cd2b0",
   "metadata": {},
   "outputs": [],
   "source": [
    "S = np.zeros_like(A,dtype = float) #dtype的d表示data"
   ]
  },
  {
   "cell_type": "code",
   "execution_count": 33,
   "id": "512b9f8a-572d-439e-b498-a52aaecb7bcf",
   "metadata": {},
   "outputs": [
    {
     "data": {
      "text/plain": [
       "array([[1.73205081, 0.        ],\n",
       "       [0.        , 1.        ],\n",
       "       [0.        , 0.        ]])"
      ]
     },
     "execution_count": 33,
     "metadata": {},
     "output_type": "execute_result"
    }
   ],
   "source": [
    "#原地填充到主对角线上 参数2的1D数组长度需要≤S的对角线长度\n",
    "#fill原意为填充,不需要填满,参数2的1D数组长度小于被填充矩阵对角线长度,剩余部分不填\n",
    "np.fill_diagonal(S,singular_vals)\n",
    "S"
   ]
  },
  {
   "cell_type": "code",
   "execution_count": 35,
   "id": "0f3ee203-841c-4d8c-83ec-989d9f0523ac",
   "metadata": {},
   "outputs": [],
   "source": [
    "#计算AAT"
   ]
  },
  {
   "cell_type": "code",
   "execution_count": 37,
   "id": "c8f4bcc3-7d38-478b-ba32-6992806358bb",
   "metadata": {},
   "outputs": [],
   "source": [
    "AAT = A @ A.T"
   ]
  },
  {
   "cell_type": "code",
   "execution_count": 39,
   "id": "ffc93e59-32a6-4bb8-aacf-395f508a0072",
   "metadata": {},
   "outputs": [],
   "source": [
    "eigvals_U , U = np.linalg.eigh(AAT)"
   ]
  },
  {
   "cell_type": "code",
   "execution_count": 41,
   "id": "b4adf78e-d925-4733-b057-c3ed17939ff1",
   "metadata": {},
   "outputs": [
    {
     "data": {
      "text/plain": [
       "(array([2.56090598e-16, 1.00000000e+00, 3.00000000e+00]),\n",
       " array([[-5.77350269e-01,  7.07106781e-01,  4.08248290e-01],\n",
       "        [ 5.77350269e-01,  9.13969213e-18,  8.16496581e-01],\n",
       "        [-5.77350269e-01, -7.07106781e-01,  4.08248290e-01]]))"
      ]
     },
     "execution_count": 41,
     "metadata": {},
     "output_type": "execute_result"
    }
   ],
   "source": [
    "eigvals_U , U"
   ]
  },
  {
   "cell_type": "code",
   "execution_count": 47,
   "id": "7277a880-efe4-4899-9ed6-a28ccbf0bea5",
   "metadata": {},
   "outputs": [],
   "source": [
    "idx = np.argsort(-eigvals_U)\n",
    "\n",
    "eigvals_U = eigvals_U[idx]\n",
    "\n",
    "U = U[:,idx]"
   ]
  },
  {
   "cell_type": "code",
   "execution_count": 51,
   "id": "7fc9a415-76b1-403b-ab15-a1f3a2cd7df6",
   "metadata": {},
   "outputs": [
    {
     "data": {
      "text/plain": [
       "array([2, 1, 0])"
      ]
     },
     "execution_count": 51,
     "metadata": {},
     "output_type": "execute_result"
    }
   ],
   "source": [
    "idx"
   ]
  },
  {
   "cell_type": "code",
   "execution_count": 53,
   "id": "6b12fea3-22d4-4e11-81b1-3ffe10d9e08b",
   "metadata": {},
   "outputs": [
    {
     "data": {
      "text/plain": [
       "(array([3.00000000e+00, 1.00000000e+00, 2.56090598e-16]),\n",
       " array([[ 4.08248290e-01,  7.07106781e-01, -5.77350269e-01],\n",
       "        [ 8.16496581e-01,  9.13969213e-18,  5.77350269e-01],\n",
       "        [ 4.08248290e-01, -7.07106781e-01, -5.77350269e-01]]))"
      ]
     },
     "execution_count": 53,
     "metadata": {},
     "output_type": "execute_result"
    }
   ],
   "source": [
    "eigvals_U,U"
   ]
  },
  {
   "cell_type": "code",
   "execution_count": 55,
   "id": "5edf102d-d160-4c73-9a9b-b88766b14e80",
   "metadata": {},
   "outputs": [],
   "source": [
    "#还原A"
   ]
  },
  {
   "cell_type": "code",
   "execution_count": 57,
   "id": "427108ff-d8a0-4e55-8390-6815de52b508",
   "metadata": {},
   "outputs": [
    {
     "data": {
      "text/plain": [
       "array([[0., 1.],\n",
       "       [1., 1.],\n",
       "       [1., 0.]])"
      ]
     },
     "execution_count": 57,
     "metadata": {},
     "output_type": "execute_result"
    }
   ],
   "source": [
    "A_reconstructed = U@S@V.T\n",
    "#四舍五入保留5位小数\n",
    "np.round(A_reconstructed,5)"
   ]
  },
  {
   "cell_type": "code",
   "execution_count": 59,
   "id": "663a21bf-c057-4972-ba62-a553485f41dd",
   "metadata": {},
   "outputs": [],
   "source": [
    "#用numpy"
   ]
  },
  {
   "cell_type": "code",
   "execution_count": 61,
   "id": "4a5a5247-a011-49bf-bef0-44df9749fc18",
   "metadata": {},
   "outputs": [],
   "source": [
    "U,S,V = np.linalg.svd(A,full_matrices = True)"
   ]
  },
  {
   "cell_type": "code",
   "execution_count": 63,
   "id": "1d1c2e42-250b-423a-8357-496b60903f4c",
   "metadata": {},
   "outputs": [
    {
     "data": {
      "text/plain": [
       "(array([[-4.08248290e-01,  7.07106781e-01,  5.77350269e-01],\n",
       "        [-8.16496581e-01,  7.45552182e-17, -5.77350269e-01],\n",
       "        [-4.08248290e-01, -7.07106781e-01,  5.77350269e-01]]),\n",
       " array([1.73205081, 1.        ]),\n",
       " array([[-0.70710678, -0.70710678],\n",
       "        [-0.70710678,  0.70710678]]))"
      ]
     },
     "execution_count": 63,
     "metadata": {},
     "output_type": "execute_result"
    }
   ],
   "source": [
    "U,S,V"
   ]
  },
  {
   "cell_type": "code",
   "execution_count": 67,
   "id": "a4401463-cbb0-4424-b49c-75ccfedc49fa",
   "metadata": {},
   "outputs": [],
   "source": [
    "S_s = np.zeros_like(A,dtype = float)\n",
    "np.fill_diagonal(S_s,S)"
   ]
  },
  {
   "cell_type": "code",
   "execution_count": 71,
   "id": "e19d4909-c948-4584-8641-fabc24290385",
   "metadata": {},
   "outputs": [
    {
     "data": {
      "text/plain": [
       "array([[ 1.02120423e-16,  1.00000000e+00],\n",
       "       [ 1.00000000e+00,  1.00000000e+00],\n",
       "       [ 1.00000000e+00, -2.11898069e-16]])"
      ]
     },
     "execution_count": 71,
     "metadata": {},
     "output_type": "execute_result"
    }
   ],
   "source": [
    "A_reconstructed_2 = U @ S_s @ V.T\n",
    "A_reconstructed_2"
   ]
  },
  {
   "cell_type": "code",
   "execution_count": null,
   "id": "3e9543e2-611f-4e34-8bd6-af52b340ed35",
   "metadata": {},
   "outputs": [],
   "source": []
  }
 ],
 "metadata": {
  "kernelspec": {
   "display_name": "Python [conda env:base] *",
   "language": "python",
   "name": "conda-base-py"
  },
  "language_info": {
   "codemirror_mode": {
    "name": "ipython",
    "version": 3
   },
   "file_extension": ".py",
   "mimetype": "text/x-python",
   "name": "python",
   "nbconvert_exporter": "python",
   "pygments_lexer": "ipython3",
   "version": "3.12.11"
  }
 },
 "nbformat": 4,
 "nbformat_minor": 5
}
