{
 "cells": [
  {
   "cell_type": "code",
   "execution_count": 69,
   "id": "8a60af9e-20f8-4c48-a864-40fcd58ac0cd",
   "metadata": {},
   "outputs": [],
   "source": [
    "import pandas as pd\n",
    "import numpy as np\n",
    "import matplotlib.pyplot as plt\n",
    "import seaborn as sns\n",
    "from sklearn.datasets import load_iris"
   ]
  },
  {
   "cell_type": "code",
   "execution_count": 71,
   "id": "0bf3ab31-59c9-4dc4-a93f-258ecb797aef",
   "metadata": {},
   "outputs": [],
   "source": [
    "data = load_iris()\n",
    "X_df_iris = pd.DataFrame(data.data,columns = data.feature_names)"
   ]
  },
  {
   "cell_type": "code",
   "execution_count": 73,
   "id": "852da0b6-eb5e-4b64-bad4-4c06ffc20495",
   "metadata": {},
   "outputs": [],
   "source": [
    "target = data.target\n",
    "target_names = []\n",
    "for i in np.arange(len(target)):\n",
    "    target_name_idx = target[i]\n",
    "    target_name = data.target_names[target_name_idx]\n",
    "    target_names.append(target_name)\n",
    "\n",
    "X_df_iris['species'] = target_names"
   ]
  },
  {
   "cell_type": "code",
   "execution_count": 75,
   "id": "c529d310-126f-4d72-9d4d-c3f94c94d784",
   "metadata": {},
   "outputs": [],
   "source": [
    "X_df = X_df_iris.iloc[:,:4]\n",
    "\n",
    "X_df.columns = ['Sepal length (cm)',\n",
    "                'Sepal width (cm)',\n",
    "                'Petal lenght (cm)',\n",
    "                'Petal widht (cm)']"
   ]
  },
  {
   "cell_type": "code",
   "execution_count": 77,
   "id": "7923cadc-d6be-40e9-a55a-baec05d61b8f",
   "metadata": {},
   "outputs": [
    {
     "data": {
      "text/html": [
       "<div>\n",
       "<style scoped>\n",
       "    .dataframe tbody tr th:only-of-type {\n",
       "        vertical-align: middle;\n",
       "    }\n",
       "\n",
       "    .dataframe tbody tr th {\n",
       "        vertical-align: top;\n",
       "    }\n",
       "\n",
       "    .dataframe thead th {\n",
       "        text-align: right;\n",
       "    }\n",
       "</style>\n",
       "<table border=\"1\" class=\"dataframe\">\n",
       "  <thead>\n",
       "    <tr style=\"text-align: right;\">\n",
       "      <th></th>\n",
       "      <th>Sepal length (cm)</th>\n",
       "      <th>Sepal width (cm)</th>\n",
       "      <th>Petal lenght (cm)</th>\n",
       "      <th>Petal widht (cm)</th>\n",
       "    </tr>\n",
       "  </thead>\n",
       "  <tbody>\n",
       "    <tr>\n",
       "      <th>0</th>\n",
       "      <td>5.1</td>\n",
       "      <td>3.5</td>\n",
       "      <td>1.4</td>\n",
       "      <td>0.2</td>\n",
       "    </tr>\n",
       "    <tr>\n",
       "      <th>1</th>\n",
       "      <td>4.9</td>\n",
       "      <td>3.0</td>\n",
       "      <td>1.4</td>\n",
       "      <td>0.2</td>\n",
       "    </tr>\n",
       "    <tr>\n",
       "      <th>2</th>\n",
       "      <td>4.7</td>\n",
       "      <td>3.2</td>\n",
       "      <td>1.3</td>\n",
       "      <td>0.2</td>\n",
       "    </tr>\n",
       "    <tr>\n",
       "      <th>3</th>\n",
       "      <td>4.6</td>\n",
       "      <td>3.1</td>\n",
       "      <td>1.5</td>\n",
       "      <td>0.2</td>\n",
       "    </tr>\n",
       "    <tr>\n",
       "      <th>4</th>\n",
       "      <td>5.0</td>\n",
       "      <td>3.6</td>\n",
       "      <td>1.4</td>\n",
       "      <td>0.2</td>\n",
       "    </tr>\n",
       "  </tbody>\n",
       "</table>\n",
       "</div>"
      ],
      "text/plain": [
       "   Sepal length (cm)  Sepal width (cm)  Petal lenght (cm)  Petal widht (cm)\n",
       "0                5.1               3.5                1.4               0.2\n",
       "1                4.9               3.0                1.4               0.2\n",
       "2                4.7               3.2                1.3               0.2\n",
       "3                4.6               3.1                1.5               0.2\n",
       "4                5.0               3.6                1.4               0.2"
      ]
     },
     "execution_count": 77,
     "metadata": {},
     "output_type": "execute_result"
    }
   ],
   "source": [
    "X_df.head()"
   ]
  },
  {
   "cell_type": "code",
   "execution_count": 79,
   "id": "7199e272-ec1e-4266-b5c5-abbb87757682",
   "metadata": {},
   "outputs": [
    {
     "data": {
      "text/html": [
       "<div>\n",
       "<style scoped>\n",
       "    .dataframe tbody tr th:only-of-type {\n",
       "        vertical-align: middle;\n",
       "    }\n",
       "\n",
       "    .dataframe tbody tr th {\n",
       "        vertical-align: top;\n",
       "    }\n",
       "\n",
       "    .dataframe thead th {\n",
       "        text-align: right;\n",
       "    }\n",
       "</style>\n",
       "<table border=\"1\" class=\"dataframe\">\n",
       "  <thead>\n",
       "    <tr style=\"text-align: right;\">\n",
       "      <th></th>\n",
       "      <th>Sepal length</th>\n",
       "      <th>Sepal width</th>\n",
       "      <th>Petal lenght</th>\n",
       "      <th>Petal widht</th>\n",
       "    </tr>\n",
       "  </thead>\n",
       "  <tbody>\n",
       "    <tr>\n",
       "      <th>Sepal length</th>\n",
       "      <td>0.685694</td>\n",
       "      <td>-0.042434</td>\n",
       "      <td>1.274315</td>\n",
       "      <td>0.516271</td>\n",
       "    </tr>\n",
       "    <tr>\n",
       "      <th>Sepal width</th>\n",
       "      <td>-0.042434</td>\n",
       "      <td>0.189979</td>\n",
       "      <td>-0.329656</td>\n",
       "      <td>-0.121639</td>\n",
       "    </tr>\n",
       "    <tr>\n",
       "      <th>Petal lenght</th>\n",
       "      <td>1.274315</td>\n",
       "      <td>-0.329656</td>\n",
       "      <td>3.116278</td>\n",
       "      <td>1.295609</td>\n",
       "    </tr>\n",
       "    <tr>\n",
       "      <th>Petal widht</th>\n",
       "      <td>0.516271</td>\n",
       "      <td>-0.121639</td>\n",
       "      <td>1.295609</td>\n",
       "      <td>0.581006</td>\n",
       "    </tr>\n",
       "  </tbody>\n",
       "</table>\n",
       "</div>"
      ],
      "text/plain": [
       "               Sepal length   Sepal width   Petal lenght   Petal widht \n",
       "Sepal length        0.685694     -0.042434       1.274315      0.516271\n",
       "Sepal width        -0.042434      0.189979      -0.329656     -0.121639\n",
       "Petal lenght        1.274315     -0.329656       3.116278      1.295609\n",
       "Petal widht         0.516271     -0.121639       1.295609      0.581006"
      ]
     },
     "execution_count": 79,
     "metadata": {},
     "output_type": "execute_result"
    }
   ],
   "source": [
    "Sigma = X_df.cov() #协方差矩阵\n",
    "Sigma.columns = Sigma.columns.str.replace('(cm)','',regex = False)\n",
    "Sigma.index = Sigma.index.str.replace('(cm)','',regex = False)\n",
    "Sigma"
   ]
  },
  {
   "cell_type": "code",
   "execution_count": 81,
   "id": "8c915781-f89a-4210-a472-7bd27d961e82",
   "metadata": {},
   "outputs": [
    {
     "data": {
      "text/html": [
       "<div>\n",
       "<style scoped>\n",
       "    .dataframe tbody tr th:only-of-type {\n",
       "        vertical-align: middle;\n",
       "    }\n",
       "\n",
       "    .dataframe tbody tr th {\n",
       "        vertical-align: top;\n",
       "    }\n",
       "\n",
       "    .dataframe thead th {\n",
       "        text-align: right;\n",
       "    }\n",
       "</style>\n",
       "<table border=\"1\" class=\"dataframe\">\n",
       "  <thead>\n",
       "    <tr style=\"text-align: right;\">\n",
       "      <th></th>\n",
       "      <th>Sepal length</th>\n",
       "      <th>Sepal width</th>\n",
       "      <th>Petal lenght</th>\n",
       "      <th>Petal widht</th>\n",
       "    </tr>\n",
       "  </thead>\n",
       "  <tbody>\n",
       "    <tr>\n",
       "      <th>Sepal length</th>\n",
       "      <td>1.000000</td>\n",
       "      <td>-0.117570</td>\n",
       "      <td>0.871754</td>\n",
       "      <td>0.817941</td>\n",
       "    </tr>\n",
       "    <tr>\n",
       "      <th>Sepal width</th>\n",
       "      <td>-0.117570</td>\n",
       "      <td>1.000000</td>\n",
       "      <td>-0.428440</td>\n",
       "      <td>-0.366126</td>\n",
       "    </tr>\n",
       "    <tr>\n",
       "      <th>Petal lenght</th>\n",
       "      <td>0.871754</td>\n",
       "      <td>-0.428440</td>\n",
       "      <td>1.000000</td>\n",
       "      <td>0.962865</td>\n",
       "    </tr>\n",
       "    <tr>\n",
       "      <th>Petal widht</th>\n",
       "      <td>0.817941</td>\n",
       "      <td>-0.366126</td>\n",
       "      <td>0.962865</td>\n",
       "      <td>1.000000</td>\n",
       "    </tr>\n",
       "  </tbody>\n",
       "</table>\n",
       "</div>"
      ],
      "text/plain": [
       "              Sepal length  Sepal width  Petal lenght  Petal widht\n",
       "Sepal length      1.000000    -0.117570      0.871754     0.817941\n",
       "Sepal width      -0.117570     1.000000     -0.428440    -0.366126\n",
       "Petal lenght      0.871754    -0.428440      1.000000     0.962865\n",
       "Petal widht       0.817941    -0.366126      0.962865     1.000000"
      ]
     },
     "execution_count": 81,
     "metadata": {},
     "output_type": "execute_result"
    }
   ],
   "source": [
    "P = X_df.corr() #线性相关系数矩阵\n",
    "P.columns = P.columns.str.replace(' (cm)','',regex = False)\n",
    "P.index = P.index.str.replace(' (cm)','',regex = False)\n",
    "P"
   ]
  },
  {
   "cell_type": "code",
   "execution_count": 83,
   "id": "5e72f4dc-f50b-4e5d-b0bd-3258e9604c32",
   "metadata": {},
   "outputs": [],
   "source": [
    "#Q1"
   ]
  },
  {
   "cell_type": "code",
   "execution_count": 85,
   "id": "d9d13eda-773c-47d7-90b0-188335f09f3d",
   "metadata": {},
   "outputs": [],
   "source": [
    "Lambdas_sigma,V_sigma = np.linalg.eig(Sigma)"
   ]
  },
  {
   "cell_type": "code",
   "execution_count": 87,
   "id": "103bcf12-bbb5-46da-8b7e-e7665eafd6cd",
   "metadata": {},
   "outputs": [
    {
     "data": {
      "text/plain": [
       "array([4.22824171, 0.24267075, 0.0782095 , 0.02383509])"
      ]
     },
     "execution_count": 87,
     "metadata": {},
     "output_type": "execute_result"
    }
   ],
   "source": [
    "Lambdas_sigma"
   ]
  },
  {
   "cell_type": "code",
   "execution_count": 89,
   "id": "386efadb-a7e7-4283-8fd1-344241676b3f",
   "metadata": {},
   "outputs": [
    {
     "data": {
      "text/plain": [
       "array([[ 0.36138659, -0.65658877, -0.58202985,  0.31548719],\n",
       "       [-0.08452251, -0.73016143,  0.59791083, -0.3197231 ],\n",
       "       [ 0.85667061,  0.17337266,  0.07623608, -0.47983899],\n",
       "       [ 0.3582892 ,  0.07548102,  0.54583143,  0.75365743]])"
      ]
     },
     "execution_count": 89,
     "metadata": {},
     "output_type": "execute_result"
    }
   ],
   "source": [
    "V_sigma"
   ]
  },
  {
   "cell_type": "code",
   "execution_count": 91,
   "id": "61be24a2-7339-4154-b4f9-de8d7b8e361d",
   "metadata": {},
   "outputs": [],
   "source": [
    "#Q2"
   ]
  },
  {
   "cell_type": "code",
   "execution_count": 93,
   "id": "7fc5b109-7854-4dee-a708-8663f00ac439",
   "metadata": {},
   "outputs": [],
   "source": [
    "Lambdas_P,V_P = np.linalg.eig(P)"
   ]
  },
  {
   "cell_type": "code",
   "execution_count": 95,
   "id": "23ce5968-db90-4abe-87ae-cf9c524023b4",
   "metadata": {},
   "outputs": [
    {
     "data": {
      "text/plain": [
       "array([2.91849782, 0.91403047, 0.14675688, 0.02071484])"
      ]
     },
     "execution_count": 95,
     "metadata": {},
     "output_type": "execute_result"
    }
   ],
   "source": [
    "Lambdas_P"
   ]
  },
  {
   "cell_type": "code",
   "execution_count": 97,
   "id": "f76d4389-8f64-4312-abba-f7fc97ced7b6",
   "metadata": {},
   "outputs": [
    {
     "data": {
      "text/plain": [
       "array([[ 0.52106591, -0.37741762, -0.71956635,  0.26128628],\n",
       "       [-0.26934744, -0.92329566,  0.24438178, -0.12350962],\n",
       "       [ 0.5804131 , -0.02449161,  0.14212637, -0.80144925],\n",
       "       [ 0.56485654, -0.06694199,  0.63427274,  0.52359713]])"
      ]
     },
     "execution_count": 97,
     "metadata": {},
     "output_type": "execute_result"
    }
   ],
   "source": [
    "V_P"
   ]
  },
  {
   "cell_type": "code",
   "execution_count": null,
   "id": "ad7f9ec7-be33-475c-a706-507f08e40b04",
   "metadata": {},
   "outputs": [],
   "source": []
  }
 ],
 "metadata": {
  "kernelspec": {
   "display_name": "Python [conda env:base] *",
   "language": "python",
   "name": "conda-base-py"
  },
  "language_info": {
   "codemirror_mode": {
    "name": "ipython",
    "version": 3
   },
   "file_extension": ".py",
   "mimetype": "text/x-python",
   "name": "python",
   "nbconvert_exporter": "python",
   "pygments_lexer": "ipython3",
   "version": "3.12.11"
  }
 },
 "nbformat": 4,
 "nbformat_minor": 5
}
